(50, 0.1)	(338, 338)	(676, 338)	(676, 338)	(676, 338)	(676, 338)	(676, 338)	(676, 338)	(676, 338)	(676, 338)	(676, 338)	
(50, 0.2)	(348, 338)	(686, 338)	(696, 338)	(696, 338)	(686, 338)	(686, 338)	(686, 338)	(686, 338)	(686, 338)	(676, 338)	
(50, 0.4)	(308, 288)	(643, 288)	(682, 299)	(657, 279)	(652, 279)	(660, 279)	(654, 280)	(673, 279)	(686, 281)	(636, 285)	
(50, 0.8)	(301, 293)	(630, 287)	(650, 287)	(631, 297)	(612, 296)	(654, 286)	(667, 290)	(628, 277)	(669, 287)	(681, 280)	
(50, 1)	(302, 243)	(613, 288)	(656, 278)	(648, 284)	(709, 278)	(661, 294)	(656, 274)	(666, 291)	(647, 283)	(686, 292)	
(100, 0.1)	(338, 338)	(676, 338)	(676, 338)	(676, 338)	(676, 338)	(676, 338)	(676, 338)	(676, 338)	(676, 338)	(676, 338)	
(100, 0.2)	(348, 338)	(696, 338)	(676, 338)	(686, 338)	(686, 338)	(686, 338)	(686, 338)	(686, 338)	(676, 338)	(676, 338)	
(100, 0.4)	(303, 285)	(630, 285)	(668, 279)	(635, 281)	(635, 280)	(597, 279)	(667, 279)	(655, 279)	(654, 285)	(627, 281)	
(100, 0.8)	(340, 285)	(631, 286)	(642, 291)	(630, 283)	(678, 289)	(641, 279)	(644, 295)	(692, 279)	(645, 285)	(657, 289)	
(100, 1)	(349, 290)	(646, 280)	(671, 231)	(660, 282)	(625, 285)	(644, 272)	(684, 261)	(689, 244)	(621, 279)	(679, 283)	
(200, 0.1)	(338, 338)	(676, 338)	(676, 338)	(676, 338)	(676, 338)	(676, 338)	(676, 338)	(676, 338)	(676, 338)	(676, 338)	
(200, 0.2)	(338, 338)	(686, 338)	(676, 338)	(696, 338)	(686, 338)	(686, 338)	(686, 338)	(676, 338)	(676, 338)	(686, 338)	
(200, 0.4)	(341, 280)	(651, 279)	(681, 281)	(662, 279)	(632, 279)	(648, 281)	(639, 279)	(668, 279)	(632, 280)	(627, 279)	
(200, 0.8)	(315, 289)	(677, 277)	(672, 287)	(672, 285)	(626, 286)	(671, 281)	(660, 289)	(632, 284)	(631, 281)	(639, 289)	
(200, 1)	(339, 232)	(696, 279)	(642, 276)	(662, 249)	(625, 276)	(619, 257)	(655, 254)	(662, 248)	(614, 249)	(587, 183)	
(500, 0.1)	(338, 338)	(676, 338)	(676, 338)	(676, 338)	(676, 338)	(676, 338)	(676, 338)	(676, 338)	(676, 338)	(676, 338)	
(500, 0.2)	(348, 338)	(696, 338)	(686, 338)	(686, 338)	(696, 338)	(696, 338)	(686, 338)	(676, 338)	(676, 338)	(686, 338)	
(500, 0.4)	(335, 279)	(632, 279)	(671, 279)	(657, 279)	(634, 279)	(660, 279)	(640, 280)	(674, 279)	(618, 279)	(665, 279)	
(500, 0.8)	(320, 279)	(629, 278)	(642, 277)	(671, 282)	(647, 279)	(632, 278)	(638, 275)	(643, 282)	(657, 277)	(653, 276)	
(500, 1)	(341, 277)	(677, 231)	(657, 226)	(682, 243)	(658, 217)	(627, 239)	(617, 225)	(651, 239)	(657, 279)	(654, 231)	
